1000 3000
1 2 14
2 3 16
3 4 12
4 5 7
5 6 18
6 7 16
7 8 2
8 9 20
9 10 3
10 11 6
11 12 3
12 13 14
13 14 4
14 15 2
15 16 12
16 17 3
17 18 4
18 19 19
19 20 17
20 21 11
21 22 19
22 23 15
23 24 3
24 25 11
25 26 17
26 27 15
27 28 3
28 29 7
29 30 14
30 31 7
31 32 11
32 33 15
33 34 18
34 35 10
35 36 18
36 37 20
37 38 12
38 39 4
39 40 15
40 41 3
41 42 1
42 43 17
43 44 6
44 45 19
45 46 4
46 47 6
47 48 1
48 49 12
49 50 2
50 51 8
51 52 12
52 53 4
53 54 2
54 55 18
55 56 8
56 57 9
57 58 1
58 59 1
59 60 9
60 61 6
61 62 5
62 63 14
63 64 10
64 65 11
65 66 9
66 67 7
67 68 10
68 69 16
69 70 15
70 71 11
71 72 1
72 73 13
73 74 1
74 75 19
75 76 13
76 77 12
77 78 4
78 79 7
79 80 20
80 81 4
81 82 15
82 83 7
83 84 14
84 85 3
85 86 17
86 87 14
87 88 20
88 89 12
89 90 6
90 91 1
91 92 9
92 93 18
93 94 8
94 95 9
95 96 17
96 97 4
97 98 10
98 99 3
99 100 4
100 101 5
101 102 18
102 103 1
103 104 16
104 105 14
105 106 4
106 107 14
107 108 3
108 109 4
109 110 15
110 111 8
111 112 8
112 113 12
113 114 16
114 115 18
115 116 5
116 117 17
117 118 2
118 119 20
119 120 20
120 121 4
121 122 13
122 123 15
123 124 15
124 125 15
125 126 3
126 127 14
127 128 12
128 129 16
129 130 1
130 131 11
131 132 13
132 133 9
133 134 6
134 135 3
135 136 20
136 137 6
137 138 7
138 139 9
139 140 1
140 141 11
141 142 15
142 143 14
143 144 3
144 145 12
145 146 10
146 147 14
147 148 13
148 149 11
149 150 1
150 151 8
151 152 18
152 153 8
153 154 13
154 155 11
155 156 13
156 157 5
157 158 2
158 159 17
159 160 11
160 161 5
161 162 10
162 163 1
163 164 16
164 165 20
165 166 6
166 167 1
167 168 9
168 169 12
169 170 13
170 171 11
171 172 18
172 173 9
173 174 9
174 175 12
175 176 19
176 177 4
177 178 19
178 179 19
179 180 13
180 181 18
181 182 16
182 183 17
183 184 10
184 185 17
185 186 1
186 187 9
187 188 17
188 189 17
189 190 12
190 191 7
191 192 6
192 193 16
193 194 1
194 195 6
195 196 18
196 197 16
197 198 4
198 199 10
199 200 11
200 201 13
201 202 5
202 203 2
203 204 6
204 205 7
205 206 12
206 207 7
207 208 1
208 209 15
209 210 5
210 211 10
211 212 9
212 213 14
213 214 17
214 215 15
215 216 10
216 217 11
217 218 7
218 219 10
219 220 3
220 221 5
221 222 5
222 223 20
223 224 4
224 225 13
225 226 6
226 227 3
227 228 10
228 229 11
229 230 13
230 231 3
231 232 2
232 233 9
233 234 13
234 235 1
235 236 2
236 237 20
237 238 13
238 239 2
239 240 5
240 241 18
241 242 7
242 243 5
243 244 2
244 245 5
245 246 16
246 247 15
247 248 13
248 249 14
249 250 2
250 251 4
251 252 6
252 253 20
253 254 19
254 255 11
255 256 15
256 257 12
257 258 6
258 259 2
259 260 12
260 261 8
261 262 16
262 263 16
263 264 2
264 265 8
265 266 1
266 267 11
267 268 5
268 269 12
269 270 12
270 271 6
271 272 7
272 273 17
273 274 9
274 275 10
275 276 15
276 277 9
277 278 15
278 279 13
279 280 7
280 281 2
281 282 15
282 283 8
283 284 10
284 285 19
285 286 20
286 287 4
287 288 17
288 289 8
289 290 3
290 291 8
291 292 9
292 293 15
293 294 3
294 295 11
295 296 18
296 297 9
297 298 11
298 299 14
299 300 4
300 301 4
301 302 5
302 303 2
303 304 15
304 305 8
305 306 3
306 307 19
307 308 1
308 309 1
309 310 4
310 311 8
311 312 7
312 313 2
313 314 16
314 315 18
315 316 8
316 317 8
317 318 5
318 319 9
319 320 16
320 321 14
321 322 15
322 323 6
323 324 13
324 325 17
325 326 15
326 327 7
327 328 12
328 329 1
329 330 9
330 331 9
331 332 6
332 333 19
333 334 3
334 335 15
335 336 13
336 337 7
337 338 2
338 339 2
339 340 7
340 341 1
341 342 11
342 343 13
343 344 11
344 345 7
345 346 11
346 347 7
347 348 15
348 349 18
349 350 13
350 351 11
351 352 10
352 353 2
353 354 1
354 355 10
355 356 18
356 357 1
357 358 7
358 359 2
359 360 10
360 361 4
361 362 9
362 363 20
363 364 15
364 365 17
365 366 10
366 367 1
367 368 13
368 369 9
369 370 16
370 371 9
371 372 9
372 373 10
373 374 13
374 375 3
375 376 1
376 377 9
377 378 11
378 379 1
379 380 20
380 381 1
381 382 9
382 383 20
383 384 20
384 385 20
385 386 10
386 387 18
387 388 2
388 389 15
389 390 12
390 391 8
391 392 5
392 393 2
393 394 9
394 395 19
395 396 8
396 397 6
397 398 12
398 399 7
399 400 14
400 401 7
401 402 11
402 403 10
403 404 16
404 405 11
405 406 6
406 407 14
407 408 2
408 409 16
409 410 3
410 411 2
411 412 6
412 413 18
413 414 9
414 415 8
415 416 2
416 417 7
417 418 16
418 419 5
419 420 5
420 421 12
421 422 10
422 423 18
423 424 18
424 425 3
425 426 8
426 427 14
427 428 20
428 429 19
429 430 15
430 431 17
431 432 18
432 433 13
433 434 10
434 435 19
435 436 11
436 437 12
437 438 2
438 439 20
439 440 14
440 441 11
441 442 14
442 443 12
443 444 18
444 445 19
445 446 4
446 447 6
447 448 20
448 449 17
449 450 8
450 451 2
451 452 18
452 453 3
453 454 5
454 455 16
455 456 11
456 457 18
457 458 14
458 459 13
459 460 8
460 461 11
461 462 12
462 463 16
463 464 11
464 465 11
465 466 1
466 467 18
467 468 15
468 469 5
469 470 8
470 471 6
471 472 5
472 473 20
473 474 9
474 475 5
475 476 2
476 477 7
477 478 7
478 479 11
479 480 10
480 481 4
481 482 19
482 483 15
483 484 13
484 485 16
485 486 8
486 487 1
487 488 5
488 489 8
489 490 12
490 491 16
491 492 19
492 493 6
493 494 10
494 495 20
495 496 11
496 497 12
497 498 4
498 499 13
499 500 3
500 501 7
501 502 13
502 503 15
503 504 19
504 505 5
505 506 5
506 507 7
507 508 5
508 509 15
509 510 18
510 511 14
511 512 4
512 513 5
513 514 20
514 515 14
515 516 15
516 517 11
517 518 7
518 519 13
519 520 8
520 521 17
521 522 12
522 523 3
523 524 10
524 525 9
525 526 14
526 527 4
527 528 4
528 529 9
529 530 12
530 531 14
531 532 3
532 533 1
533 534 9
534 535 5
535 536 4
536 537 18
537 538 11
538 539 20
539 540 16
540 541 17
541 542 12
542 543 20
543 544 2
544 545 19
545 546 3
546 547 5
547 548 11
548 549 1
549 550 20
550 551 13
551 552 12
552 553 9
553 554 16
554 555 10
555 556 19
556 557 11
557 558 12
558 559 4
559 560 7
560 561 18
561 562 3
562 563 16
563 564 12
564 565 15
565 566 3
566 567 8
567 568 20
568 569 5
569 570 5
570 571 10
571 572 17
572 573 16
573 574 10
574 575 9
575 576 7
576 577 20
577 578 12
578 579 11
579 580 13
580 581 13
581 582 9
582 583 5
583 584 20
584 585 7
585 586 14
586 587 9
587 588 17
588 589 20
589 590 15
590 591 13
591 592 4
592 593 11
593 594 3
594 595 15
595 596 1
596 597 10
597 598 16
598 599 9
599 600 11
600 601 12
601 602 5
602 603 7
603 604 20
604 605 8
605 606 4
606 607 19
607 608 9
608 609 2
609 610 7
610 611 16
611 612 14
612 613 3
613 614 6
614 615 12
615 616 10
616 617 9
617 618 20
618 619 4
619 620 17
620 621 8
621 622 16
622 623 19
623 624 19
624 625 4
625 626 11
626 627 6
627 628 3
628 629 8
629 630 15
630 631 3
631 632 8
632 633 17
633 634 6
634 635 14
635 636 4
636 637 9
637 638 17
638 639 9
639 640 6
640 641 18
641 642 16
642 643 15
643 644 2
644 645 19
645 646 9
646 647 11
647 648 17
648 649 9
649 650 13
650 651 11
651 652 5
652 653 16
653 654 15
654 655 1
655 656 20
656 657 12
657 658 7
658 659 3
659 660 13
660 661 4
661 662 13
662 663 19
663 664 13
664 665 13
665 666 8
666 667 18
667 668 9
668 669 12
669 670 2
670 671 5
671 672 4
672 673 4
673 674 20
674 675 6
675 676 11
676 677 10
677 678 8
678 679 9
679 680 16
680 681 7
681 682 6
682 683 7
683 684 9
684 685 15
685 686 11
686 687 12
687 688 11
688 689 16
689 690 7
690 691 17
691 692 19
692 693 19
693 694 18
694 695 9
695 696 16
696 697 15
697 698 8
698 699 9
699 700 12
700 701 4
701 702 15
702 703 7
703 704 9
704 705 11
705 706 18
706 707 20
707 708 20
708 709 3
709 710 7
710 711 15
711 712 4
712 713 17
713 714 9
714 715 6
715 716 20
716 717 13
717 718 13
718 719 11
719 720 16
720 721 20
721 722 3
722 723 4
723 724 2
724 725 11
725 726 14
726 727 20
727 728 3
728 729 10
729 730 8
730 731 10
731 732 20
732 733 14
733 734 3
734 735 12
735 736 14
736 737 12
737 738 18
738 739 1
739 740 14
740 741 6
741 742 12
742 743 12
743 744 18
744 745 1
745 746 20
746 747 9
747 748 18
748 749 3
749 750 4
750 751 3
751 752 14
752 753 4
753 754 8
754 755 8
755 756 2
756 757 15
757 758 20
758 759 4
759 760 16
760 761 5
761 762 2
762 763 12
763 764 13
764 765 20
765 766 15
766 767 16
767 768 7
768 769 7
769 770 16
770 771 1
771 772 7
772 773 20
773 774 17
774 775 13
775 776 8
776 777 13
777 778 5
778 779 12
779 780 12
780 781 15
781 782 18
782 783 11
783 784 19
784 785 7
785 786 8
786 787 5
787 788 13
788 789 15
789 790 9
790 791 10
791 792 16
792 793 1
793 794 17
794 795 17
795 796 16
796 797 12
797 798 19
798 799 6
799 800 4
800 801 12
801 802 8
802 803 4
803 804 3
804 805 12
805 806 6
806 807 1
807 808 15
808 809 7
809 810 18
810 811 4
811 812 9
812 813 20
813 814 17
814 815 20
815 816 1
816 817 15
817 818 17
818 819 19
819 820 13
820 821 15
821 822 8
822 823 10
823 824 19
824 825 6
825 826 13
826 827 12
827 828 12
828 829 14
829 830 10
830 831 15
831 832 5
832 833 7
833 834 10
834 835 14
835 836 12
836 837 6
837 838 1
838 839 5
839 840 19
840 841 11
841 842 18
842 843 11
843 844 9
844 845 19
845 846 13
846 847 18
847 848 6
848 849 10
849 850 6
850 851 18
851 852 18
852 853 12
853 854 14
854 855 15
855 856 1
856 857 3
857 858 6
858 859 17
859 860 6
860 861 4
861 862 1
862 863 2
863 864 2
864 865 19
865 866 15
866 867 11
867 868 12
868 869 6
869 870 16
870 871 8
871 872 12
872 873 19
873 874 9
874 875 14
875 876 17
876 877 14
877 878 15
878 879 20
879 880 12
880 881 9
881 882 19
882 883 18
883 884 3
884 885 17
885 886 15
886 887 2
887 888 2
888 889 6
889 890 20
890 891 20
891 892 17
892 893 8
893 894 11
894 895 16
895 896 11
896 897 10
897 898 1
898 899 19
899 900 15
900 901 17
901 902 19
902 903 15
903 904 18
904 905 1
905 906 16
906 907 6
907 908 9
908 909 15
909 910 15
910 911 6
911 912 4
912 913 3
913 914 12
914 915 15
915 916 20
916 917 15
917 918 2
918 919 6
919 920 10
920 921 17
921 922 19
922 923 5
923 924 18
924 925 9
925 926 10
926 927 20
927 928 7
928 929 6
929 930 10
930 931 2
931 932 12
932 933 6
933 934 19
934 935 10
935 936 12
936 937 2
937 938 9
938 939 1
939 940 15
940 941 1
941 942 13
942 943 1
943 944 6
944 945 14
945 946 6
946 947 13
947 948 6
948 949 8
949 950 1
950 951 20
951 952 12
952 953 5
953 954 8
954 955 8
955 956 20
956 957 7
957 958 15
958 959 2
959 960 8
960 961 3
961 962 9
962 963 8
963 964 3
964 965 5
965 966 8
966 967 8
967 968 12
968 969 6
969 970 18
970 971 1
971 972 9
972 973 5
973 974 20
974 975 9
975 976 6
976 977 16
977 978 11
978 979 4
979 980 8
980 981 10
981 982 13
982 983 15
983 984 2
984 985 2
985 986 6
986 987 5
987 988 19
988 989 7
989 990 5
990 991 4
991 992 8
992 993 7
993 994 18
994 995 1
995 996 13
996 997 11
997 998 10
998 999 9
999 1000 4
1000 1 13
414 344 7
137 317 1
104 374 5
568 618 4
653 296 18
847 572 12
592 508 2
736 64 12
698 793 2
915 96 2
406 554 17
568 300 8
163 845 16
623 175 9
885 731 3
998 338 2
781 565 14
606 735 14
521 640 11
292 32 9
843 559 8
754 491 15
360 390 12
70 117 9
997 815 17
914 807 14
160 473 6
408 69 13
503 563 17
256 595 15
997 209 15
491 399 1
492 903 8
544 441 4
813 874 19
791 212 1
655 223 13
5 484 13
282 834 4
874 453 15
149 36 17
524 895 15
652 875 20
247 887 9
601 838 3
51 158 7
608 208 1
506 693 9
436 120 9
572 739 20
889 252 12
752 562 17
672 882 9
716 584 14
154 845 14
269 482 4
384 904 17
616 781 7
620 959 8
45 93 4
15 385 1
374 567 15
275 60 17
813 639 7
443 722 12
504 597 20
687 217 19
290 894 16
301 441 14
645 942 5
930 868 14
760 720 14
671 238 1
586 651 15
501 985 9
966 745 7
361 900 15
781 429 2
175 516 3
252 215 4
345 694 8
402 893 1
484 872 9
687 106 14
198 157 5
574 270 17
702 21 15
380 220 2
88 366 13
280 351 9
75 416 1
697 832 13
143 465 20
255 210 3
170 628 1
786 738 10
598 541 10
398 411 17
395 366 4
592 931 5
579 192 13
492 254 2
26 454 9
580 711 17
932 163 16
664 402 3
671 920 1
329 718 11
984 842 4
673 323 6
230 250 1
440 771 14
897 754 13
955 863 5
543 464 13
917 836 19
138 971 2
717 56 17
1 307 8
648 110 9
194 502 13
271 9 6
95 384 9
135 909 14
260 328 2
905 944 15
407 900 20
839 469 13
657 309 7
590 88 11
43 548 2
74 984 5
549 841 15
751 897 14
470 515 6
755 989 12
273 767 4
91 718 19
502 68 6
157 417 16
547 77 18
515 826 12
560 967 14
425 229 6
87 216 13
44 838 11
740 816 17
839 987 17
385 658 3
126 442 17
934 442 3
333 854 14
562 746 8
969 287 8
766 75 14
91 814 19
667 147 11
822 902 14
141 976 16
336 53 14
713 837 15
235 224 1
485 593 14
278 689 11
854 464 6
744 106 5
940 615 7
656 950 6
650 975 18
22 956 14
620 945 12
69 7 15
876 169 1
591 662 14
658 710 4
973 817 6
680 636 15
529 822 5
441 444 20
824 76 15
229 516 4
315 913 1
314 471 5
327 888 2
922 704 3
9 109 16
219 613 6
290 128 19
70 276 8
628 920 20
937 589 14
321 541 8
794 729 1
218 703 12
828 248 11
711 273 12
316 184 16
868 998 1
606 319 1
713 886 1
850 94 1
694 72 9
950 83 6
997 451 20
264 146 14
801 91 11
359 188 14
374 611 13
479 539 5
628 731 5
665 88 18
972 811 14
795 518 9
425 137 9
305 285 18
817 406 3
944 19 10
388 670 17
602 514 17
271 326 19
594 599 15
693 448 5
855 583 18
269 545 3
591 757 10
614 793 8
572 92 5
321 789 12
874 742 12
256 800 8
232 991 4
424 50 16
341 641 6
279 238 5
833 190 4
25 611 14
779 60 16
637 126 12
868 220 3
553 808 3
960 560 12
740 441 20
584 553 12
375 355 17
983 627 19
477 956 17
663 937 18
376 661 10
296 872 4
621 336 13
63 190 6
206 781 10
362 490 6
239 101 17
123 121 4
506 597 2
116 862 6
284 434 1
305 267 1
753 417 2
835 566 14
102 93 10
623 634 15
762 188 11
760 154 13
588 730 7
8 295 19
622 801 17
608 10 6
360 947 15
565 243 1
809 251 15
72 207 11
283 580 9
610 193 1
862 233 1
509 713 20
489 592 6
7 431 8
632 466 4
85 186 18
65 653 14
871 693 9
27 833 13
372 911 16
901 184 5
808 912 20
106 93 11
669 967 16
583 206 15
727 32 15
577 104 18
364 668 2
356 919 1
855 765 20
723 562 10
310 479 13
857 912 2
471 992 2
439 329 11
357 345 18
492 213 19
902 805 10
196 207 3
451 733 4
293 608 14
307 637 13
604 289 5
385 130 6
291 41 7
77 337 6
237 840 15
19 941 16
643 907 9
492 651 7
507 741 15
827 267 13
170 743 12
891 807 2
521 333 17
199 756 13
668 601 9
827 423 1
720 983 2
274 692 20
308 613 11
748 83 18
375 247 17
635 571 19
251 196 12
378 494 9
208 720 1
669 989 20
54 504 12
322 692 3
756 994 18
691 549 8
103 544 13
80 154 17
429 878 6
974 27 16
894 218 13
855 302 11
194 290 5
279 957 5
384 732 10
868 333 7
393 374 17
874 154 5
492 238 11
223 363 10
637 386 12
974 857 13
454 86 4
847 404 13
431 345 7
407 953 20
308 264 11
881 416 12
113 863 8
956 939 11
686 98 3
413 77 9
854 562 5
155 410 6
410 304 18
734 943 13
934 496 16
686 123 6
357 914 3
796 658 1
310 765 15
786 952 2
37 471 7
719 200 2
765 294 20
180 894 10
659 397 20
234 605 10
865 536 11
47 799 17
638 320 12
297 479 7
248 103 4
405 523 7
170 195 8
57 43 15
532 708 11
624 464 3
783 542 1
147 986 12
838 182 7
196 146 16
21 917 5
429 569 1
700 875 19
413 124 1
316 594 14
485 296 6
382 995 9
832 939 16
818 40 16
299 722 12
538 769 1
360 604 8
118 21 1
882 947 5
504 224 18
606 445 15
585 130 13
898 968 19
160 254 4
156 1000 15
740 601 5
197 464 19
736 16 13
496 829 4
731 330 5
436 775 10
258 713 2
137 949 8
568 283 6
142 362 4
210 624 10
336 948 15
277 515 14
436 351 14
950 510 18
821 134 2
233 506 19
60 308 11
455 792 5
244 882 3
219 40 11
929 815 2
965 303 4
75 597 10
931 415 19
747 668 14
528 658 14
458 670 7
589 239 7
808 835 10
977 317 8
543 375 1
545 165 17
302 601 20
343 753 15
540 316 7
542 840 2
388 582 14
781 663 11
742 956 15
197 834 13
797 567 17
529 873 1
91 901 12
217 6 8
112 281 7
449 240 15
896 797 8
723 531 13
575 374 11
463 484 16
382 275 2
195 628 10
506 483 11
467 251 3
816 821 9
986 490 17
247 455 18
136 498 7
827 411 3
564 280 15
480 992 16
776 401 4
778 81 2
91 185 5
993 255 8
353 134 6
564 906 18
118 402 8
21 419 8
986 936 19
939 609 20
361 527 6
613 563 20
471 86 9
114 601 6
957 723 13
468 309 5
583 652 9
483 677 11
583 681 9
937 410 12
136 674 14
851 571 6
614 921 15
506 996 12
345 961 10
388 9 7
966 713 16
810 839 17
734 754 3
118 154 15
410 888 9
367 204 8
729 93 12
74 362 14
189 873 16
346 941 9
932 803 2
916 453 19
600 74 19
692 98 7
803 337 5
115 287 7
463 143 14
609 18 3
967 570 20
592 341 6
239 870 6
36 893 2
358 791 17
328 401 11
594 721 18
159 93 9
151 702 15
846 708 15
938 699 7
110 700 1
834 708 2
657 660 18
75 200 7
303 505 3
332 664 5
190 70 18
50 325 12
527 236 19
449 638 11
387 317 17
443 424 6
772 656 8
506 485 15
937 376 6
920 725 19
115 184 16
326 685 18
620 523 12
109 965 15
990 393 7
886 1 11
1 340 7
72 852 11
404 702 1
202 717 10
260 711 16
814 590 4
389 459 1
95 564 7
540 52 4
672 366 6
88 841 12
258 329 15
396 812 1
940 412 11
851 8 20
239 663 12
392 451 5
784 610 17
502 234 16
891 40 17
449 640 8
153 114 19
5 804 9
816 54 1
78 168 8
81 71 8
800 631 6
663 330 2
80 9 20
382 421 7
528 771 4
208 815 10
442 619 7
815 407 20
25 237 20
757 289 13
802 193 11
393 900 20
686 895 2
614 384 2
592 590 10
919 726 3
158 78 20
886 787 8
441 763 16
679 872 6
34 609 12
219 627 6
263 926 20
633 370 4
79 132 7
459 998 3
216 677 13
27 796 12
598 563 20
98 420 8
576 696 17
519 619 1
806 740 9
273 553 19
429 820 5
894 964 10
955 725 9
1 784 18
534 221 12
797 956 12
133 428 3
5 392 2
872 860 6
269 216 20
871 126 10
406 374 5
118 894 9
953 695 7
635 310 18
537 743 2
548 406 7
775 865 18
15 831 19
763 385 10
535 521 2
497 410 13
966 588 9
749 741 5
707 408 6
429 913 20
742 692 13
44 754 5
682 668 13
984 103 7
545 611 18
455 257 16
413 810 9
497 237 2
778 683 20
132 528 9
489 430 18
33 806 1
70 113 10
717 326 19
841 836 7
447 221 6
228 659 11
812 571 18
139 33 4
842 180 18
203 599 20
895 113 4
977 569 15
400 450 3
591 543 16
669 603 20
509 403 12
419 863 20
656 472 5
494 928 18
432 215 2
859 197 7
399 153 4
489 108 18
40 248 7
309 814 14
189 392 4
152 532 19
165 565 11
651 781 17
458 920 20
190 988 12
336 154 18
53 219 13
879 14 14
834 119 19
161 516 9
108 320 2
408 987 3
28 186 6
258 442 8
567 771 16
522 868 10
404 925 2
179 736 14
550 327 7
277 340 5
19 79 20
500 565 5
611 947 12
895 770 4
89 28 19
514 741 16
489 829 1
629 255 4
582 919 20
807 945 4
196 203 18
302 15 12
765 567 12
370 778 11
159 783 2
190 296 4
603 407 4
7 541 8
301 334 8
900 177 6
520 651 10
24 935 8
222 8 13
611 833 10
293 344 9
5 59 18
757 709 8
331 685 2
266 936 10
978 693 17
264 263 3
693 290 3
58 944 5
799 231 3
382 57 8
505 435 13
951 628 13
83 987 20
891 558 17
987 327 17
543 786 18
507 641 16
882 489 9
165 188 13
712 614 17
498 155 12
82 571 9
594 391 8
815 777 20
424 254 10
756 345 1
815 911 19
430 572 4
568 691 14
808 936 6
895 489 9
444 88 15
266 451 11
200 62 17
363 941 4
437 874 20
506 865 3
797 991 19
195 749 13
898 406 6
459 376 3
534 352 13
612 542 3
955 699 12
684 285 11
416 388 15
839 664 4
656 958 3
573 311 19
408 560 8
843 144 3
151 454 9
238 210 15
27 517 4
664 582 1
999 850 18
565 611 13
543 514 13
856 729 20
386 489 18
905 366 9
947 859 2
403 438 19
513 510 19
848 3 20
154 795 10
246 256 17
306 975 6
426 814 10
422 481 13
224 626 20
676 946 16
272 29 15
912 650 12
242 864 13
938 884 17
692 579 1
604 179 18
266 756 6
477 854 4
6 339 1
794 313 9
27 493 13
212 774 20
617 48 4
991 895 3
131 907 14
326 942 12
912 753 17
370 292 19
26 854 11
184 620 6
952 338 9
836 446 7
619 293 10
673 103 1
955 662 18
687 583 15
649 218 7
595 513 16
798 944 13
704 819 4
136 35 13
964 391 19
496 559 15
528 842 15
375 92 8
993 833 6
968 89 7
492 632 14
414 41 9
779 847 18
498 888 14
381 991 12
488 448 14
491 633 4
629 273 4
922 638 18
711 867 17
226 602 8
404 28 19
809 633 6
888 316 20
115 394 15
808 749 19
254 573 20
955 866 11
633 46 1
374 880 9
331 302 16
296 616 11
508 229 9
858 251 16
78 966 17
471 861 14
14 321 12
56 997 6
793 404 5
117 679 11
628 727 1
283 291 16
883 671 10
536 721 12
767 172 20
20 363 14
836 598 2
391 452 7
922 877 18
104 346 18
382 990 20
96 18 15
333 586 12
726 247 3
584 447 2
198 182 17
936 431 8
357 778 10
573 675 15
598 832 3
435 640 20
174 710 1
626 236 17
102 701 20
538 344 19
707 115 20
988 865 4
401 508 17
206 604 6
747 288 6
896 917 2
898 11 4
517 698 3
897 22 4
61 924 19
804 857 3
139 625 2
577 575 9
981 843 5
203 381 12
666 229 9
53 501 14
689 459 2
754 276 5
973 208 20
594 663 2
2 1 14
553 616 16
178 79 2
195 661 2
21 589 8
786 852 13
45 752 5
703 284 18
519 525 9
167 693 7
296 908 8
331 196 20
631 910 4
426 844 4
816 645 10
167 839 10
65 775 9
2 126 4
467 782 16
678 828 4
566 834 20
638 588 3
437 883 13
884 553 7
778 688 15
737 184 12
313 444 3
449 639 1
646 848 15
953 556 18
692 571 6
404 559 14
461 963 20
244 263 1
14 678 9
654 433 8
155 367 20
897 210 9
281 610 20
900 93 4
503 494 14
760 445 16
307 318 1
624 906 5
809 194 17
510 128 5
336 888 6
141 396 1
920 808 12
752 428 18
584 335 12
686 66 7
547 598 2
890 968 14
359 493 12
434 13 16
448 835 6
380 63 20
635 359 10
726 804 7
762 825 4
665 968 2
216 644 4
103 859 11
435 953 3
204 262 6
871 136 8
26 116 3
697 820 11
569 670 19
77 243 10
546 654 3
310 754 7
988 696 10
583 609 13
213 505 6
936 241 9
57 21 19
594 568 4
828 987 4
880 435 14
1000 535 12
664 200 2
765 541 13
695 860 12
708 391 14
847 363 15
135 821 16
355 806 4
580 51 3
35 658 8
506 879 8
792 694 18
989 620 9
417 240 8
611 545 12
863 268 1
13 714 8
980 67 5
412 998 1
180 980 20
107 675 2
101 541 18
462 695 16
488 575 18
490 215 19
170 566 2
584 200 6
409 31 7
234 482 13
556 310 17
240 142 8
599 359 17
35 256 7
600 672 7
495 942 15
859 328 10
478 599 6
730 518 16
454 294 3
599 146 15
343 550 14
390 599 11
721 179 15
504 443 3
843 571 14
217 474 14
181 642 14
920 64 5
290 146 16
6 814 20
410 387 9
408 975 7
754 913 20
939 880 13
431 24 18
305 622 20
904 879 11
770 448 19
421 931 14
307 915 14
947 892 19
732 752 17
891 118 11
319 808 1
582 468 7
320 842 5
373 501 8
303 657 9
74 61 10
338 636 4
344 966 13
365 93 6
526 128 17
447 219 10
341 298 10
408 558 14
221 979 5
373 914 8
585 436 13
130 93 13
843 996 2
80 918 5
590 158 6
382 838 4
226 793 8
376 184 9
992 699 8
63 172 12
311 820 4
894 181 1
816 735 12
35 819 13
380 501 7
86 333 12
294 444 16
478 751 8
450 863 19
479 230 20
797 311 18
3 901 15
950 28 9
934 285 9
200 567 9
468 885 19
781 107 4
561 545 3
276 222 11
195 89 9
317 983 5
432 972 15
346 841 16
321 502 13
697 835 12
582 943 4
603 258 5
67 253 19
873 793 6
830 232 16
279 989 20
860 62 20
604 858 20
730 547 5
818 463 9
772 361 13
971 111 1
445 810 10
677 507 8
992 857 1
227 46 8
576 978 2
870 776 19
19 398 6
326 239 6
994 396 12
788 381 17
18 943 13
575 614 15
929 733 11
666 733 4
93 889 6
745 131 7
406 747 7
853 406 11
57 872 1
507 460 12
630 757 1
405 83 17
802 88 20
666 996 11
987 981 18
598 754 3
589 631 20
923 4 17
289 964 13
265 120 13
339 170 19
331 903 20
133 211 18
268 81 5
553 882 12
5 924 15
536 426 1
801 260 12
652 434 4
479 76 14
819 815 9
334 492 18
402 302 1
625 51 10
587 324 15
569 250 1
667 755 10
516 194 9
708 172 6
31 574 6
302 806 2
987 306 19
314 548 8
593 805 8
592 195 19
521 533 6
314 179 16
130 269 2
470 604 14
207 159 13
952 902 2
609 37 8
835 698 20
16 242 20
371 379 13
150 824 17
245 204 13
275 294 14
564 784 3
260 280 4
42 91 18
771 294 15
516 55 11
91 903 5
727 599 6
999 30 9
515 456 9
192 113 12
129 217 16
82 98 7
973 739 15
218 559 9
428 548 3
574 754 9
303 752 13
466 741 15
920 34 7
402 394 16
600 814 17
727 140 4
947 240 20
453 766 14
555 796 1
77 146 13
513 349 19
566 866 6
58 727 6
601 117 3
832 958 12
241 471 6
22 161 10
755 455 17
736 374 12
320 384 9
217 227 7
399 964 13
63 821 20
12 940 11
20 815 7
632 511 10
618 792 14
383 558 16
989 636 12
323 163 5
23 687 4
824 624 18
17 662 20
461 142 9
903 832 5
273 774 16
848 105 10
361 473 17
400 63 17
848 718 9
30 787 4
617 819 20
16 279 14
513 220 1
46 299 18
544 484 3
638 849 14
149 243 3
290 298 12
472 989 20
34 247 5
353 48 6
670 397 8
174 845 10
989 909 19
613 921 10
115 52 19
751 895 6
994 636 10
191 298 12
216 466 9
662 567 5
99 475 13
916 247 18
235 241 13
293 957 4
728 939 13
819 613 19
414 385 2
620 681 13
90 694 14
22 178 18
701 93 9
114 749 7
501 212 7
957 813 5
260 394 12
782 400 9
563 171 14
617 800 17
886 246 19
754 23 16
597 770 6
850 289 17
288 417 15
364 902 4
541 714 15
38 296 20
749 235 18
689 453 18
542 896 5
927 626 4
875 433 15
775 655 4
396 826 11
959 563 13
339 269 4
654 732 13
672 341 7
491 267 12
686 521 6
132 7 8
395 720 13
281 343 5
539 840 10
923 506 20
588 464 20
55 839 11
430 393 4
297 510 14
283 447 13
50 400 7
612 577 6
314 327 6
829 155 15
176 959 3
882 548 3
365 573 15
226 328 1
954 285 3
99 312 5
257 718 15
242 530 15
362 530 19
216 943 9
506 951 4
86 50 13
156 146 19
555 286 1
565 361 11
346 859 14
268 771 11
5 878 6
461 217 14
400 321 8
389 952 6
614 702 13
201 737 12
783 447 13
946 8 6
850 900 8
75 762 4
699 914 10
699 727 15
921 719 8
214 596 6
581 326 4
581 886 2
24 594 1
108 740 4
730 140 12
102 485 9
844 7 19
747 708 5
953 461 4
91 894 5
902 886 13
779 210 13
630 847 3
313 301 15
800 328 16
333 152 20
691 210 3
620 835 5
237 116 5
986 65 12
662 822 15
911 682 12
848 653 4
31 619 2
685 84 12
258 922 15
36 791 9
657 360 1
989 399 13
913 802 16
417 468 15
818 887 16
874 751 5
926 266 6
967 319 16
167 808 1
984 889 13
141 796 3
538 788 11
331 494 3
872 908 19
8 826 15
782 586 8
45 157 9
326 684 2
551 346 3
398 111 14
931 203 1
383 444 14
247 70 9
781 527 7
17 284 8
23 163 16
923 216 1
973 584 17
161 782 3
1000 837 11
35 19 1
942 468 10
807 172 16
790 387 10
872 404 1
159 797 18
848 78 19
639 17 17
808 991 17
497 246 13
120 541 4
688 987 19
517 581 5
859 508 19
862 525 18
730 949 13
484 162 4
270 321 12
486 932 1
555 149 9
781 365 5
744 248 5
458 704 17
393 262 3
599 360 19
622 82 6
68 998 4
784 890 9
997 511 15
907 323 6
836 429 19
812 100 3
481 357 9
614 378 17
361 769 17
682 553 1
915 762 11
649 372 8
495 244 8
185 330 9
86 185 6
116 980 11
645 199 12
734 79 10
471 701 19
369 226 1
744 519 9
788 58 10
148 674 1
929 309 17
880 795 10
641 439 4
965 433 7
147 373 6
134 474 13
669 644 2
425 61 12
590 33 11
841 706 19
638 18 17
72 667 12
204 939 9
827 564 1
558 622 20
256 966 5
975 835 14
683 164 8
630 525 19
415 456 7
889 23 19
552 325 18
683 916 1
452 436 14
76 205 11
160 201 13
542 737 6
674 239 1
88 298 15
260 334 2
161 480 18
186 158 9
539 930 6
825 318 7
237 949 12
492 387 7
555 492 1
436 949 9
800 706 10
626 449 7
144 394 4
250 534 1
123 156 1
209 583 6
534 970 1
322 79 10
834 832 2
221 449 20
702 4 18
817 641 13
788 596 11
424 289 3
612 729 18
913 445 6
618 188 1
174 124 15
107 668 8
958 681 11
540 580 7
160 752 3
54 184 4
270 809 19
325 76 15
313 89 5
92 323 8
252 681 7
339 461 14
318 868 20
107 295 14
744 614 3
176 5 8
841 760 3
125 972 8
223 909 6
923 563 7
779 98 18
662 254 3
754 83 4
560 971 13
123 238 9
776 839 20
377 617 17
922 385 17
260 878 18
625 206 13
356 17 15
512 289 1
769 71 18
767 131 5
51 964 16
802 774 11
113 453 12
136 715 17
36 359 12
230 301 15
428 942 14
990 427 14
513 179 2
323 493 11
464 786 13
614 852 8
427 818 9
504 278 18
801 971 17
153 523 9
55 366 12
829 540 4
101 23 13
859 3 19
908 6 19
591 357 16
985 891 1
201 200 4
646 474 17
922 511 17
298 354 10
360 722 8
539 645 11
632 23 11
91 52 11
736 627 6
335 394 5
126 168 13
334 978 2
630 598 16
798 262 9
454 496 19
74 526 1
881 901 8
214 61 13
144 272 1
273 888 3
411 214 15
78 353 7
578 921 15
292 883 15
137 963 17
287 548 4
575 349 2
765 112 13
926 260 4
693 902 13
579 617 17
631 777 1
753 330 15
570 929 11
301 517 17
357 157 9
39 441 2
96 218 5
682 245 8
602 650 10
539 225 2
36 848 1
937 767 20
555 437 1
882 155 5
180 327 4
901 121 16
581 798 19
460 833 16
426 625 13
899 427 11
586 800 17
654 224 13
570 40 17
599 82 16
544 911 18
642 969 19
805 220 15
256 273 14
789 585 17
384 642 12
722 208 15
140 373 11
815 231 20
92 127 2
785 768 9
20 368 6
752 688 7
395 849 2
665 630 3
837 404 9
892 366 8
704 69 2
357 348 1
286 205 9
719 248 13
29 193 11
194 44 1
256 515 16
999 951 1
69 145 1
510 955 16
591 147 12
178 621 3
574 426 14
725 43 8
624 354 15
758 344 12
531 624 11
926 119 11
700 638 19
754 757 19
615 521 18
749 368 16
577 448 7
365 416 12
301 382 14
581 743 14
53 562 17
307 36 11
596 964 19
443 338 16
947 693 13
844 824 15
786 26 2
527 180 14
669 166 2
873 331 5
407 559 8
401 818 15
580 927 16
982 659 14
862 441 13
374 168 17
736 13 4
988 396 11
281 599 1
274 540 2
373 904 20
337 245 15
798 77 10
392 896 18
189 312 19
536 88 12
468 116 15
99 523 11
439 70 20
899 66 4
220 837 17
483 296 2
156 219 5
1 418 6
91 723 13
134 647 3
17 448 5
21 806 2
460 794 10
556 336 5
56 306 6
445 921 14
402 632 16
397 47 20
681 425 13
132 689 19
12 846 6
298 586 20
941 388 13
694 845 8
170 267 6
902 734 15
3 892 15
117 339 18
940 509 10
192 87 3
172 459 20
972 758 6
507 789 8
303 111 1
904 967 5
175 134 3
728 158 6
890 926 2
315 544 1
413 105 20
697 978 1
714 113 13
929 59 1
244 439 6
978 34 4
13 206 2
206 809 8
703 795 7
48 607 5
241 412 15
106 641 14
670 677 8
25 50 8
442 1000 8
417 654 18
923 500 1
889 964 6
377 314 5
705 260 5
932 336 7
726 547 18
514 559 7
779 214 2
82 830 10
315 107 11
761 176 16
684 604 9
470 748 13
170 84 4
33 536 13
734 948 3
234 444 16
571 773 17
834 691 14
239 688 11
843 333 12
770 541 9
950 130 14
987 223 16
321 628 10
293 394 5
407 164 15
396 282 19
920 537 14
939 569 19
648 615 1
535 292 1
959 670 6
289 688 18
214 628 7
922 198 13
795 994 17
815 123 11
81 186 4
232 821 16
503 843 5
800 58 20
772 690 2
863 89 6
370 98 18
263 123 13
814 128 20
657 20 1
173 424 9
813 201 14
683 305 17
190 445 17
472 61 16
591 240 9
995 192 3
403 367 3
24 561 13
349 828 9
726 331 6
723 602 3
967 619 20
878 110 8
137 251 8
746 196 17
15 838 7
23 347 20
785 721 6
322 668 8
29 732 5
851 600 12
747 189 17
998 340 6
647 410 4
749 166 3
484 401 11
596 498 12
137 186 1
930 798 5
899 490 13
696 859 7
138 968 4
618 561 5
499 19 16
536 750 16
949 229 19
303 176 11
863 114 9
60 87 17
497 307 13
837 685 10
771 107 9
894 187 12
974 539 2
552 643 4
481 975 7
289 628 19
47 421 15
284 770 2
531 442 14
130 9 7
8 222 10
188 22 17
792 297 9
606 5 20
243 284 2
81 864 20
283 533 14
10 382 7
650 973 9
516 246 11
214 643 4
128 86 12
729 144 1
66 627 5
330 340 16
404 463 13
749 215 17
552 456 12
982 463 15
797 202 16
342 818 12
783 759 9
346 195 12
965 998 7
957 135 17
81 536 20
968 513 15
771 617 1
753 214 3
250 658 14
535 87 6
184 909 13
796 632 7
810 176 2
861 760 2
364 185 15
997 727 13
799 309 2
520 775 9
749 497 2
474 568 4
552 45 2
904 163 20
534 205 13
589 940 7
789 546 5
667 461 9
386 379 18
535 494 5
611 160 5
61 837 16
676 144 8
141 591 5
836 750 1
715 91 11
574 401 2
302 581 7
243 674 13
908 602 2
151 145 16
726 193 18
989 263 1
244 231 13
553 448 15
827 943 2
604 301 15
630 503 5
816 448 18
897 952 2
742 998 15
804 151 19
319 620 20
108 547 20
259 544 6
397 182 6
507 902 18
969 906 14
284 732 2
947 806 6
987 268 8
513 544 6
56 434 13
567 73 9
382 855 7
964 128 12
152 543 18
226 582 14
508 809 18
510 24 12
850 365 5
434 419 1
73 618 10
921 724 3
579 85 7
838 845 11
995 14 9
767 175 11
966 659 9
991 331 4
285 758 11
202 979 16
659 798 11
509 513 10
475 472 20
281 489 9
609 658 1
26 113 13
558 805 10
457 132 12
364 108 5
934 484 8
33 470 19
415 688 2
506 787 4
615 511 15
857 459 4
446 128 12
816 581 19
355 849 9
843 689 17
305 141 19
162 469 15
253 913 4
646 134 9
582 313 14
656 295 5
145 110 5
137 996 9
308 19 10
740 85 4
789 518 8
991 263 12
603 548 11
960 329 20
109 257 12
799 939 14
248 783 11
982 192 12
242 670 14
1000 638 11
258 888 4
208 40 18
944 667 12
402 902 12
20 867 11
974 205 18
625 371 2
63 616 13
255 109 10
510 670 13
18 376 12
703 734 5
234 687 2
631 734 7
601 153 14
314 587 6
385 438 4
54 450 3
953 270 5
15 549 13
672 575 11
58 511 20
