100 2500
1 2 7
2 3 14
3 4 10
4 5 8
5 6 8
6 7 17
7 8 9
8 9 6
9 10 8
10 11 20
11 12 11
12 13 3
13 14 16
14 15 5
15 16 8
16 17 13
17 18 10
18 19 2
19 20 18
20 21 15
21 22 20
22 23 10
23 24 5
24 25 16
25 26 2
26 27 9
27 28 2
28 29 14
29 30 5
30 31 4
31 32 2
32 33 11
33 34 2
34 35 6
35 36 1
36 37 9
37 38 13
38 39 16
39 40 20
40 41 8
41 42 8
42 43 12
43 44 20
44 45 4
45 46 15
46 47 10
47 48 9
48 49 19
49 50 6
50 51 4
51 52 3
52 53 20
53 54 1
54 55 6
55 56 5
56 57 18
57 58 20
58 59 18
59 60 20
60 61 16
61 62 4
62 63 11
63 64 10
64 65 1
65 66 7
66 67 11
67 68 20
68 69 13
69 70 12
70 71 11
71 72 18
72 73 2
73 74 10
74 75 1
75 76 11
76 77 1
77 78 11
78 79 4
79 80 13
80 81 10
81 82 16
82 83 3
83 84 15
84 85 7
85 86 12
86 87 5
87 88 14
88 89 9
89 90 10
90 91 3
91 92 5
92 93 1
93 94 5
94 95 1
95 96 9
96 97 17
97 98 20
98 99 6
99 100 17
100 1 3
47 94 3
91 49 18
44 86 7
54 35 8
5 92 10
78 76 2
4 45 20
58 11 11
41 1 14
63 1 9
19 41 17
49 48 4
2 99 3
91 42 10
96 75 20
34 71 15
17 8 12
99 53 3
8 3 2
17 93 8
24 16 17
81 34 16
4 55 5
6 44 19
90 31 10
90 35 18
36 39 7
5 29 6
50 9 10
56 11 14
31 66 9
51 54 3
75 54 1
44 43 7
83 13 5
21 31 8
7 65 2
100 52 2
55 30 11
36 95 6
39 100 19
12 29 17
82 26 18
53 99 4
24 59 11
44 60 5
93 8 11
56 48 19
39 47 4
73 15 11
89 87 11
1 38 1
76 6 12
18 78 19
14 87 19
23 15 5
77 75 15
75 52 3
82 10 11
18 9 20
49 2 6
4 32 14
29 97 18
85 98 11
12 52 19
6 40 20
39 33 14
14 99 19
91 88 12
90 7 4
98 97 6
21 46 16
77 94 20
43 75 16
7 63 15
13 53 14
45 86 7
42 69 9
50 72 7
99 85 7
94 29 19
36 92 11
8 94 4
98 72 19
59 36 20
6 63 2
98 25 14
65 35 19
35 14 8
57 64 16
70 78 13
28 36 12
92 20 12
67 31 6
37 95 18
39 64 17
21 76 8
20 99 17
88 76 16
69 49 4
78 19 10
41 55 2
40 7 3
44 10 14
38 65 2
77 52 19
3 63 1
10 96 10
52 42 13
13 64 17
32 87 6
79 66 6
2 42 5
79 88 19
3 79 10
43 13 6
6 70 18
36 15 5
54 5 9
28 67 15
30 75 19
59 14 2
64 45 8
61 42 4
31 30 15
98 91 9
13 38 10
9 12 1
22 57 6
67 39 8
50 90 17
40 8 3
47 96 5
16 40 15
77 76 13
31 5 9
10 73 1
20 19 9
64 69 5
36 4 7
18 91 13
13 71 2
96 9 6
26 10 13
67 75 5
51 91 8
75 46 5
52 10 15
25 17 12
74 31 13
79 73 20
45 32 12
15 47 2
83 51 8
59 50 6
68 81 10
87 4 3
62 10 14
37 4 13
71 98 16
69 25 19
95 16 11
50 43 16
25 63 1
48 56 17
54 46 20
16 97 9
24 90 3
55 100 1
41 99 6
54 71 16
3 68 19
7 64 11
32 92 16
23 32 18
41 26 16
80 79 5
75 10 20
35 82 10
86 21 19
6 79 10
17 72 3
77 26 12
18 43 17
62 54 10
10 95 7
9 88 9
79 24 20
48 69 14
99 72 16
46 66 15
54 95 1
91 32 1
81 39 3
86 31 8
41 2 17
36 50 11
67 11 11
26 88 19
8 43 16
14 2 7
22 46 12
57 75 13
15 62 14
2 38 10
67 64 15
5 94 18
28 6 9
21 90 3
19 27 16
38 8 1
41 17 2
52 7 10
2 40 16
9 87 9
83 74 5
43 45 6
18 65 2
82 18 16
37 49 16
87 97 20
30 42 19
17 37 18
26 12 4
13 19 19
95 34 20
19 29 17
84 45 3
51 98 7
66 76 14
33 93 7
80 31 7
13 79 4
35 100 10
57 33 6
99 73 2
77 34 2
1 55 1
57 80 16
16 34 10
100 38 7
10 71 12
98 10 15
28 66 19
38 68 4
100 5 13
3 91 20
57 91 7
99 51 2
25 15 13
76 18 7
98 6 12
22 24 10
37 58 14
62 25 14
82 67 10
29 16 17
67 92 10
94 49 6
4 67 12
22 61 14
81 37 5
34 95 11
75 9 2
54 67 10
32 69 1
28 21 3
40 14 17
35 84 7
77 23 16
5 8 6
16 35 1
47 44 13
38 26 18
69 55 13
97 44 13
16 96 10
67 78 6
78 66 10
29 22 9
43 49 4
39 56 10
35 73 9
78 9 1
66 29 9
86 78 11
48 31 13
53 85 6
87 93 1
3 53 13
83 69 6
2 66 13
29 63 11
13 1 20
1 21 10
63 65 14
1 44 4
85 95 19
28 75 8
13 25 7
27 87 5
37 72 17
37 51 18
10 49 2
93 66 19
37 81 12
72 24 2
3 7 18
18 15 3
21 29 2
96 31 12
41 93 15
78 21 1
94 67 11
79 89 14
48 1 20
86 99 13
73 72 1
26 46 13
9 45 5
73 38 9
10 82 4
74 21 3
21 66 20
16 39 14
26 14 7
73 55 7
58 41 4
58 77 17
79 36 10
32 51 15
39 67 3
42 37 6
83 90 3
58 88 19
26 37 10
51 41 14
55 50 2
77 38 19
31 79 17
92 22 14
14 62 15
58 73 5
2 59 1
52 85 10
6 52 3
39 34 7
49 1 16
36 97 6
68 2 17
83 7 13
43 50 3
7 62 4
37 67 8
16 31 13
49 54 2
83 61 14
10 51 15
33 28 8
54 31 13
95 66 9
47 49 2
82 2 4
30 21 5
53 80 7
4 30 4
26 39 16
100 11 1
15 43 4
41 81 10
70 50 13
53 46 13
2 9 3
25 1 18
53 5 8
64 9 1
83 67 2
75 61 4
58 60 13
9 37 4
95 92 4
88 50 11
14 6 3
11 18 6
40 94 12
43 56 5
37 42 17
64 46 4
36 90 4
4 47 12
24 51 19
93 50 4
93 76 20
36 9 1
73 62 15
59 63 9
99 94 2
87 34 18
15 66 18
89 1 17
51 42 16
88 20 8
20 62 15
92 8 13
12 10 5
81 17 15
42 76 18
63 16 5
60 67 2
5 78 3
56 30 17
25 38 6
86 83 3
96 95 3
22 95 2
99 6 6
40 39 3
83 30 5
5 57 1
91 36 6
86 48 4
50 88 17
28 15 7
81 32 2
91 67 8
80 46 12
47 86 7
10 50 19
60 38 7
39 31 11
90 77 13
96 44 19
16 12 9
2 15 14
64 29 4
7 15 3
90 52 8
93 96 5
83 38 10
32 37 9
88 68 15
93 26 14
41 9 3
73 87 15
37 14 10
15 49 15
50 93 12
93 51 3
95 81 10
38 41 19
68 64 15
79 11 18
15 2 16
12 78 5
24 30 9
81 26 12
87 22 3
34 86 13
67 73 15
54 27 9
71 43 19
67 56 11
49 80 6
68 33 13
84 67 18
79 71 3
49 42 18
32 88 10
18 82 17
97 73 11
18 88 6
57 99 6
21 25 15
35 70 12
86 67 15
60 63 1
35 96 6
55 41 14
3 12 14
58 23 5
40 80 11
83 91 6
88 32 3
14 79 18
10 90 16
31 40 1
30 16 10
50 73 8
26 13 18
75 36 1
49 34 14
73 64 18
23 17 6
58 97 14
58 86 10
93 74 7
86 56 12
56 33 9
70 49 20
43 96 13
50 87 7
30 52 13
22 60 17
23 96 16
60 96 3
94 91 15
45 18 12
71 66 14
64 60 17
28 85 13
21 72 9
69 91 7
85 50 9
64 86 13
45 40 7
75 48 17
32 76 2
3 39 17
68 10 18
29 38 13
1 94 3
20 41 19
98 30 6
53 94 15
51 14 12
27 68 18
32 55 13
28 33 14
39 6 9
50 58 9
80 71 3
20 84 17
66 53 20
15 95 12
53 98 5
94 18 17
32 70 5
88 78 11
40 24 6
85 24 1
20 78 10
91 28 17
16 58 2
17 55 13
34 49 2
26 85 1
34 96 20
57 46 11
98 93 10
69 38 20
69 35 3
15 4 10
7 38 2
40 70 15
81 70 4
47 99 7
62 85 3
68 4 14
90 48 3
55 83 16
10 98 7
87 16 8
61 24 12
52 78 13
21 12 4
54 51 1
81 31 17
70 67 13
11 14 7
67 26 5
75 12 13
19 48 8
58 50 18
86 28 5
62 89 12
59 33 7
88 52 5
32 34 3
59 22 1
11 7 1
13 57 9
97 100 1
46 78 6
93 88 18
40 60 12
58 63 14
33 94 6
20 52 4
88 40 5
1 91 3
24 78 13
66 26 6
13 23 16
13 33 18
19 7 17
51 93 18
55 6 15
66 65 14
42 71 12
88 71 3
91 54 7
98 40 7
60 6 12
38 100 17
29 2 20
100 78 3
6 21 17
84 44 13
4 98 11
55 89 2
66 34 17
100 9 12
62 45 1
77 3 10
1 17 11
1 93 15
65 76 2
65 6 12
65 21 16
61 34 3
44 75 15
34 100 2
84 27 3
65 52 16
54 56 2
58 79 4
65 49 18
32 16 10
47 21 9
58 76 9
12 90 17
82 57 20
80 24 15
65 43 19
62 36 12
14 94 1
89 80 6
15 35 9
28 9 9
99 77 7
58 48 1
69 95 7
37 80 14
46 91 1
24 18 5
24 46 14
44 29 5
19 39 3
27 9 11
81 54 8
32 58 11
63 29 20
25 60 9
60 72 20
22 77 4
64 94 19
42 10 5
47 46 20
87 48 9
31 92 17
99 91 14
87 33 5
89 71 7
75 87 14
43 94 15
81 69 10
31 63 3
26 7 6
75 72 19
52 67 14
39 97 19
30 73 14
79 30 10
15 76 13
65 12 10
85 27 11
43 17 10
67 17 2
38 24 18
42 98 16
80 75 7
93 78 12
64 39 17
67 22 3
87 23 3
79 14 19
51 45 13
88 58 9
84 35 5
66 1 6
4 93 12
8 16 9
31 13 3
33 31 8
1 96 20
62 77 7
82 12 14
80 72 2
1 69 16
50 13 15
15 69 18
39 66 5
2 13 20
54 52 5
41 97 10
59 56 11
100 26 3
61 43 16
26 1 15
72 58 1
12 47 1
84 80 4
69 43 5
59 44 4
70 63 15
45 94 13
89 96 11
52 18 6
6 14 14
63 47 8
9 93 2
75 37 8
84 16 16
71 57 13
74 11 1
88 39 18
58 96 8
96 51 16
91 31 5
79 54 15
75 26 15
54 94 4
98 68 18
100 24 12
49 84 15
21 65 7
25 69 13
46 99 2
33 19 12
78 23 10
55 19 20
39 1 7
45 90 1
44 16 9
67 37 3
87 24 16
81 30 20
52 89 11
76 3 12
57 49 4
24 29 7
72 99 15
17 3 5
90 26 19
38 10 6
69 8 11
8 53 10
84 32 10
70 6 11
47 69 9
77 74 7
41 11 18
12 3 7
76 59 14
69 90 9
70 48 3
70 64 1
12 9 15
5 44 10
8 64 10
63 36 18
6 67 5
19 95 4
22 69 9
56 95 18
38 80 9
9 40 12
81 91 12
35 52 14
53 43 2
77 65 13
69 24 2
57 27 20
87 13 9
47 36 6
73 12 20
78 89 8
69 42 9
18 32 18
89 78 10
56 26 3
2 53 14
19 68 9
71 4 2
42 33 12
3 84 20
5 69 1
80 55 2
32 49 11
14 32 3
38 93 11
82 68 16
68 95 11
11 46 7
63 77 11
50 4 3
82 8 11
64 13 12
42 14 3
63 15 19
63 88 8
12 37 6
98 54 12
89 72 3
30 37 10
93 18 18
100 61 20
91 16 13
89 66 9
33 55 19
96 79 5
70 92 2
74 68 12
67 98 4
89 97 14
19 15 5
40 34 1
51 67 17
97 89 1
70 87 6
11 93 8
32 8 17
36 34 15
46 100 13
98 65 8
19 64 12
50 57 1
89 26 16
6 47 11
38 50 4
22 39 1
15 1 8
66 27 15
36 84 5
90 40 3
34 10 9
14 60 2
2 75 10
25 73 10
9 80 16
98 94 3
14 45 12
37 89 12
20 32 10
38 58 19
49 11 10
44 58 20
58 30 17
47 33 4
22 49 19
65 26 17
97 46 13
5 55 4
22 7 15
75 53 11
48 16 2
54 2 17
20 46 9
27 51 8
87 73 20
60 99 3
96 81 1
27 81 1
60 25 14
45 2 16
60 35 8
59 96 12
56 76 4
33 57 18
18 95 19
33 53 12
15 53 16
97 87 9
49 9 4
44 53 17
23 36 10
20 66 14
31 51 6
30 43 4
14 48 7
9 52 9
55 88 7
25 86 5
91 1 20
70 96 15
30 26 19
5 42 15
21 11 17
57 42 3
6 65 8
43 61 18
18 75 7
91 74 7
74 4 13
23 33 11
83 96 18
47 18 16
84 13 19
33 12 10
94 56 17
40 76 4
78 84 8
77 19 9
72 87 11
90 74 9
64 98 11
80 69 7
100 73 9
9 32 2
55 5 11
46 55 17
66 44 15
57 77 17
35 89 16
2 30 20
38 72 7
53 6 6
51 47 15
68 100 5
45 87 15
32 72 16
66 82 11
8 11 14
28 55 15
3 61 15
63 72 6
16 100 14
79 42 2
45 81 3
19 88 11
98 85 6
94 52 5
18 3 1
84 23 2
77 29 8
29 77 10
82 36 20
63 87 3
37 35 17
9 94 5
74 45 20
63 52 20
88 9 12
81 67 20
25 24 1
96 59 19
55 54 1
59 76 9
50 54 9
68 66 13
75 4 5
40 66 9
95 84 16
97 86 14
57 86 15
54 50 3
91 21 4
43 39 15
61 12 4
61 53 4
27 67 6
81 38 19
31 68 5
80 54 17
99 87 7
36 72 7
57 29 15
55 44 20
12 65 20
86 69 3
99 39 8
43 21 10
92 75 14
86 30 19
82 43 7
92 23 18
100 83 14
91 15 19
68 49 14
37 53 9
98 81 20
55 17 12
51 27 2
46 3 14
2 97 2
39 81 8
94 62 6
5 38 1
81 62 6
72 50 17
34 59 19
31 62 8
83 81 14
85 15 14
21 59 2
97 91 9
44 20 1
43 65 3
20 8 4
47 17 2
36 29 15
84 42 19
96 21 9
72 18 7
36 81 1
36 66 17
81 6 20
25 99 2
97 62 12
14 12 11
22 20 5
26 95 5
4 13 12
95 28 9
44 76 15
55 53 10
84 24 9
8 4 5
52 13 14
94 100 7
94 42 8
47 8 2
60 73 4
63 25 11
7 88 5
82 29 14
2 14 12
73 20 20
85 83 11
82 94 15
51 30 2
83 66 1
63 18 20
89 25 15
17 77 19
35 17 8
17 4 2
16 6 1
3 15 18
18 45 13
1 82 9
60 46 6
41 70 12
25 66 14
66 72 7
28 30 11
40 10 18
45 29 5
26 6 14
11 1 4
90 75 15
12 7 20
41 74 17
15 88 14
54 29 3
13 39 12
31 97 11
72 29 6
97 67 14
8 35 10
24 57 19
82 35 17
35 57 11
32 3 11
48 84 17
31 34 11
67 44 13
94 16 14
24 6 9
22 32 2
82 32 3
89 83 11
91 89 6
90 69 19
20 90 7
9 42 9
95 24 12
39 53 11
99 62 10
61 33 16
53 87 10
15 59 14
16 25 17
39 74 9
84 99 19
83 25 17
83 89 17
16 7 10
63 26 18
76 93 16
62 100 19
95 11 3
87 19 5
71 24 2
7 58 13
18 49 13
35 85 14
89 59 10
39 25 5
32 95 19
13 91 20
7 47 12
17 82 17
49 26 14
90 51 18
18 24 11
28 47 2
66 20 19
95 86 4
18 40 9
7 28 2
43 93 3
2 4 16
27 53 18
67 79 7
96 93 20
54 93 11
80 35 13
15 54 15
82 90 7
67 83 20
26 31 17
54 79 19
15 78 15
73 84 8
62 80 2
46 86 10
60 88 4
26 84 2
48 75 11
50 37 12
37 30 14
26 81 1
11 20 20
2 24 10
69 99 20
91 52 13
87 50 6
72 14 1
61 21 11
70 54 14
73 59 7
42 29 16
76 58 18
9 41 16
32 67 18
66 83 7
95 3 20
34 3 7
9 3 9
16 9 15
92 50 7
32 97 19
92 66 11
67 53 14
64 76 7
73 31 18
22 5 20
32 65 15
65 63 20
46 14 19
36 89 10
77 45 19
85 60 19
90 98 11
99 42 1
14 51 12
23 29 1
9 25 7
75 2 17
28 94 19
19 60 9
15 92 16
44 55 18
3 66 20
93 20 13
15 42 8
67 36 11
44 82 16
19 71 18
58 44 9
3 67 3
95 64 6
74 85 5
31 61 17
36 32 20
64 77 20
60 76 15
65 28 19
52 61 4
59 95 9
47 16 17
21 82 5
96 98 18
25 28 9
51 38 16
49 15 9
70 14 15
41 66 5
89 70 5
24 74 17
5 74 17
7 46 8
87 83 2
51 85 8
37 17 16
44 15 8
14 85 1
15 7 11
46 7 14
80 89 9
61 16 12
51 36 9
77 48 4
70 65 6
53 27 13
35 94 18
97 24 13
90 97 11
16 46 19
71 29 8
63 58 12
91 6 7
34 50 2
5 66 8
35 37 5
73 54 16
54 100 11
93 33 16
5 50 12
60 43 5
28 74 11
20 70 15
53 70 11
32 81 7
57 4 3
21 39 7
91 96 3
35 76 19
27 18 6
2 56 10
70 43 10
50 15 20
6 88 12
26 55 17
32 9 18
87 37 20
53 2 10
19 35 6
100 96 10
57 71 4
19 100 10
15 79 17
72 26 8
45 91 17
2 39 19
72 54 15
58 89 4
83 75 2
11 91 10
81 12 17
10 36 7
97 5 1
1 26 14
43 100 7
55 82 17
73 16 18
12 70 2
76 15 14
56 58 12
11 15 16
25 44 4
21 85 9
92 85 1
29 18 13
28 57 18
74 7 8
59 58 13
51 6 3
51 92 16
29 15 9
30 95 8
30 19 16
99 76 13
88 90 3
53 1 12
60 48 3
46 93 11
6 81 17
7 56 14
28 72 19
20 34 16
83 60 13
7 85 15
4 86 16
47 74 8
80 9 5
57 59 20
64 89 6
83 95 3
90 94 2
44 47 3
67 87 12
25 82 20
72 75 19
55 27 3
90 53 6
58 94 8
8 80 13
35 2 18
1 10 13
92 81 19
43 90 14
10 44 16
93 72 4
72 57 6
84 76 18
75 93 16
97 56 20
15 18 11
15 71 1
31 9 10
74 17 11
37 25 9
6 39 9
24 93 7
60 18 3
99 28 1
18 81 1
25 9 4
12 28 11
62 5 16
11 53 13
61 48 14
90 43 4
95 43 14
17 52 9
100 27 4
25 75 13
72 69 7
14 20 13
16 69 7
87 95 8
19 62 4
11 34 6
14 41 17
42 25 14
76 68 10
45 47 20
99 56 17
64 90 20
75 42 7
18 12 19
70 7 14
7 55 18
73 81 13
66 33 15
82 75 11
64 25 2
74 38 1
56 67 20
14 75 10
75 21 20
89 91 12
76 63 10
75 79 16
32 100 10
39 88 6
42 2 13
24 65 2
99 17 1
87 5 4
13 65 4
53 51 9
13 75 11
59 77 15
32 57 19
38 89 13
85 19 19
5 37 17
62 35 13
86 34 11
86 82 6
4 91 15
60 53 10
6 45 9
91 9 9
29 60 13
91 64 6
35 22 13
97 59 9
51 61 2
53 59 19
1 62 15
97 74 15
32 23 17
29 36 20
31 25 2
7 50 3
9 27 4
5 62 14
91 26 11
12 48 15
75 31 1
22 88 19
80 96 16
74 48 10
97 43 19
52 44 14
39 22 7
60 59 18
92 39 1
90 30 7
50 46 7
93 99 9
5 61 11
48 9 11
58 52 14
95 73 14
37 48 1
86 23 5
72 86 1
44 7 10
58 100 15
41 98 19
37 82 7
42 1 9
56 71 7
19 77 1
66 14 4
52 26 3
93 4 3
37 13 14
94 58 11
99 19 3
42 45 18
46 64 20
83 11 16
6 4 4
54 70 11
66 19 6
4 36 10
5 35 14
80 26 10
88 87 7
22 98 12
2 50 3
9 33 8
13 92 14
15 90 4
84 49 9
14 78 15
94 6 7
96 99 4
83 48 2
72 11 7
39 30 2
50 66 17
98 23 12
73 96 19
80 4 19
24 84 2
24 73 1
4 22 3
13 44 16
11 86 16
44 4 12
40 35 12
8 27 14
37 88 5
75 57 9
39 23 1
23 91 20
49 95 5
81 59 16
17 42 5
78 25 18
59 11 11
20 89 8
44 23 9
79 13 19
49 25 16
97 45 10
74 99 12
96 15 19
21 93 5
13 47 7
19 67 11
100 6 5
64 8 9
53 91 13
5 36 19
31 88 20
58 67 1
49 100 2
78 29 20
9 76 15
76 35 15
30 82 17
34 22 11
10 1 10
55 29 4
64 75 7
1 66 18
88 15 11
28 14 6
1 88 12
64 40 13
82 91 7
95 14 19
39 68 18
46 52 19
17 63 19
61 23 8
77 2 14
38 97 8
99 74 6
86 59 14
56 70 7
26 87 11
49 63 15
30 7 4
80 48 10
92 72 9
11 79 3
15 86 6
20 57 18
87 27 12
68 7 14
12 6 14
89 40 18
9 96 1
56 20 20
30 68 8
91 30 14
16 37 3
20 7 7
26 32 6
69 14 20
85 7 20
46 16 18
41 59 12
92 55 10
40 98 12
79 29 10
39 92 15
56 8 13
95 80 16
68 86 3
91 59 18
10 62 9
9 73 16
80 11 1
63 27 18
59 10 18
5 93 12
48 88 20
84 38 8
2 51 17
75 11 16
36 18 2
30 25 1
16 24 5
15 20 20
29 23 5
65 40 16
55 16 15
1 89 4
65 87 12
46 43 8
93 83 9
28 64 17
79 23 14
40 20 9
51 2 18
90 62 17
68 39 15
24 61 7
65 14 3
97 65 2
21 63 3
53 89 12
56 47 15
76 1 12
82 92 4
4 84 5
93 57 7
41 22 8
63 61 3
72 91 6
99 79 8
29 24 17
30 38 11
54 91 7
89 85 6
64 41 3
76 73 14
46 84 17
56 17 3
64 33 8
71 25 3
3 83 6
61 31 18
24 94 2
49 88 7
92 67 12
52 92 15
98 13 5
68 47 9
9 60 15
50 60 13
64 21 18
26 80 13
83 79 7
97 32 9
59 73 20
25 59 16
8 70 13
60 41 19
24 11 18
97 20 13
42 83 9
30 14 16
53 8 11
30 45 16
21 18 6
49 45 19
11 40 16
51 20 6
41 60 10
95 70 6
69 73 9
49 90 2
47 77 2
66 91 4
30 44 2
66 97 14
58 31 19
42 5 20
19 46 7
89 22 13
89 84 13
30 90 3
32 82 12
98 29 14
38 46 20
24 52 7
74 64 9
95 79 14
77 66 2
82 53 13
27 86 13
95 31 15
34 83 14
12 49 17
38 34 20
13 45 1
83 55 2
27 15 19
5 82 14
48 51 19
75 27 18
36 27 18
10 59 12
65 51 12
5 13 13
33 21 9
25 47 12
62 60 14
81 83 11
82 55 19
5 52 4
93 43 4
100 18 6
64 53 6
99 1 10
39 75 4
55 11 14
81 44 8
18 92 5
75 65 5
3 59 19
6 32 12
22 19 11
28 49 3
51 89 12
41 10 7
90 100 1
9 75 1
7 93 12
60 37 3
92 18 17
70 41 9
89 29 3
59 8 17
72 68 2
57 92 6
55 90 5
11 21 8
2 69 17
83 92 8
5 12 6
84 52 16
12 43 19
41 36 1
49 36 1
67 100 15
82 61 18
31 69 16
49 74 1
32 59 1
99 31 3
52 21 18
99 78 10
55 60 18
40 2 14
88 61 3
25 6 6
68 25 5
26 50 18
43 14 14
64 24 15
95 15 17
94 70 17
20 75 7
93 45 10
40 31 12
88 92 12
21 10 16
31 26 4
23 80 11
1 25 10
68 59 14
33 37 20
29 4 4
17 16 15
42 26 8
59 53 19
85 80 12
62 96 9
37 45 9
21 17 8
7 52 6
49 79 19
20 14 18
43 71 12
16 90 11
87 31 13
92 73 5
39 85 6
74 51 20
46 85 1
63 73 1
76 45 1
18 68 7
43 1 6
88 21 5
12 67 4
31 16 4
67 96 3
37 47 6
35 4 7
13 36 5
71 92 4
85 47 11
57 35 14
50 17 5
72 28 9
35 6 18
3 16 20
68 46 10
98 43 18
71 21 8
4 35 15
22 15 8
55 10 13
97 78 12
34 1 19
95 48 1
31 53 12
53 66 4
4 79 15
36 5 16
33 32 18
93 82 20
40 95 8
48 27 3
33 87 5
82 42 10
38 29 7
13 46 18
42 12 8
16 63 19
8 14 14
75 41 15
33 17 20
72 83 14
73 13 12
74 72 1
58 36 17
60 9 13
18 25 4
28 98 5
3 85 7
45 22 10
100 70 6
31 33 4
87 92 4
75 63 1
30 33 8
17 78 14
59 34 16
87 40 15
71 79 20
99 46 1
21 91 17
5 14 7
84 75 7
30 29 14
47 72 16
17 44 4
42 34 18
1 18 4
80 91 17
23 89 1
17 46 20
30 15 13
89 68 12
12 91 3
1 27 2
26 15 19
2 68 18
40 38 2
78 24 11
82 81 2
12 1 5
95 7 19
37 44 6
56 41 16
25 62 12
62 44 18
75 15 1
82 51 4
29 90 3
57 30 9
92 43 11
29 82 9
37 77 6
16 83 16
9 67 6
12 71 19
42 56 2
34 24 8
6 69 12
13 29 12
97 42 6
21 9 6
94 59 19
64 48 12
85 1 18
10 77 17
18 66 12
59 2 6
7 12 20
93 19 10
56 12 1
48 37 11
12 93 11
8 88 19
6 80 9
99 82 5
22 10 3
62 20 20
79 50 15
83 98 5
82 78 17
6 35 20
24 80 10
86 39 3
72 1 8
73 23 18
10 26 5
46 38 13
90 50 2
23 20 15
83 53 11
97 15 10
16 55 1
46 62 10
58 37 19
54 36 1
54 48 7
66 74 9
36 93 7
51 40 19
41 4 10
9 38 13
45 10 7
81 80 16
83 78 11
62 40 4
53 92 19
42 60 16
15 9 2
11 2 3
73 14 12
27 19 2
31 21 8
80 30 15
86 20 2
64 83 10
32 1 5
92 68 8
32 10 15
92 99 7
41 85 18
77 62 16
42 7 19
31 29 17
1 41 11
82 95 1
23 26 18
43 88 18
86 41 14
97 81 4
55 81 6
11 55 9
34 33 19
40 19 5
41 18 16
97 11 7
35 25 5
55 71 15
24 91 3
66 92 19
81 68 9
19 24 18
21 47 20
61 84 3
56 84 13
30 97 6
27 64 8
54 8 9
21 60 10
76 16 4
6 54 4
84 7 4
88 25 13
77 10 13
3 22 18
4 58 12
18 20 17
63 32 12
93 44 12
79 5 2
12 55 16
6 11 15
91 94 3
12 8 7
3 78 3
65 15 2
58 56 7
7 81 11
28 23 2
83 54 14
20 42 16
35 77 20
48 96 8
35 48 12
9 84 7
2 11 16
75 83 14
50 83 8
4 48 1
84 33 18
34 89 6
70 46 3
47 2 1
64 43 3
6 8 2
97 3 10
58 64 11
73 39 19
74 26 11
27 58 3
30 92 13
62 12 4
37 3 10
74 40 10
99 13 14
23 25 9
62 3 5
47 7 5
86 93 4
82 21 16
64 5 16
96 66 20
81 60 10
46 8 6
4 6 17
87 66 11
78 6 2
26 82 5
47 64 5
53 19 15
75 7 14
80 39 17
35 56 8
12 42 1
38 15 4
94 92 11
33 63 18
94 30 12
100 53 16
29 56 13
45 100 15
32 56 11
74 25 7
65 30 4
56 90 15
24 89 10
60 71 12
9 1 9
78 82 6
62 97 12
5 68 17
89 65 15
39 76 8
14 8 12
69 29 18
3 88 2
75 64 14
80 38 12
2 22 15
3 54 3
75 38 4
76 22 10
86 55 8
20 71 14
75 96 1
65 20 13
38 86 16
34 43 19
12 31 4
99 43 17
57 69 8
99 71 10
75 66 16
49 77 16
27 82 8
33 47 1
30 22 15
94 99 19
12 82 6
11 27 5
46 48 19
64 80 16
61 92 8
26 97 12
8 83 20
80 23 8
1 11 9
28 81 13
72 96 10
34 28 10
2 64 18
73 27 1
92 29 15
41 79 9
3 8 2
75 47 9
87 18 11
29 76 5
2 23 9
64 74 4
96 33 13
67 82 7
46 30 11
6 43 8
13 10 12
86 38 19
37 62 11
17 69 4
90 60 4
95 26 10
70 98 10
88 29 4
95 30 13
52 94 19
93 87 18
15 61 2
97 82 19
15 23 1
28 56 4
68 88 4
80 51 6
41 53 10
11 3 4
77 30 3
64 16 13
24 100 20
41 89 1
66 39 11
59 90 4
77 99 17
79 61 11
48 19 5
77 59 18
95 50 8
40 61 10
98 62 18
83 72 15
76 12 15
85 32 16
12 59 16
34 51 10
68 42 19
15 22 8
52 56 10
95 98 15
100 87 14
31 80 15
8 91 12
52 1 17
18 2 17
1 68 7
27 100 7
7 72 1
59 4 8
40 85 16
28 43 19
57 81 1
52 50 9
73 40 8
42 99 9
5 99 9
78 59 4
9 2 3
60 81 1
60 7 9
36 28 3
79 63 19
81 72 12
31 39 9
84 18 10
41 44 1
84 61 14
88 2 8
71 6 13
45 80 19
21 38 9
68 26 10
13 27 9
86 80 16
72 13 13
19 73 1
66 21 6
86 68 20
90 70 9
13 31 12
52 46 9
52 73 1
42 51 5
87 94 5
39 4 5
32 45 15
85 75 4
85 46 20
19 61 10
45 89 6
44 66 6
36 98 3
87 91 2
53 90 6
84 92 2
77 16 19
85 53 20
23 10 5
42 72 1
99 15 2
90 99 11
21 73 13
86 70 2
49 4 17
31 76 14
15 24 10
91 82 11
46 23 4
33 69 12
48 44 12
11 64 7
4 74 8
73 80 12
55 48 10
43 53 5
67 33 4
16 79 20
67 66 19
52 82 15
80 13 17
10 86 7
80 27 19
49 14 8
28 76 12
88 12 14
26 42 6
91 62 9
87 75 20
3 20 8
22 17 2
18 55 19
1 3 12
79 41 10
2 100 8
98 9 7
16 30 4
35 86 5
3 23 8
26 58 2
1 76 13
4 7 7
83 29 6
18 23 13
44 97 7
99 63 4
16 75 18
36 19 8
46 72 15
44 83 6
51 16 20
78 43 20
75 82 19
61 66 20
76 80 13
50 7 7
76 84 11
27 2 9
100 41 9
53 14 14
14 88 16
8 61 7
97 4 5
23 99 9
98 15 1
79 65 20
84 78 16
46 61 5
24 49 11
94 51 20
6 62 15
54 20 18
60 39 11
37 64 1
31 48 6
69 10 4
50 64 7
45 48 18
51 44 19
7 20 8
75 1 8
87 21 10
47 11 13
5 28 5
38 17 5
94 61 10
40 97 17
73 95 17
63 40 13
24 35 6
56 97 6
12 86 13
73 60 17
44 79 8
18 14 15
39 17 13
96 53 15
5 46 13
87 57 2
7 39 4
78 48 3
44 54 1
70 77 18
15 13 17
83 34 11
44 8 5
58 49 11
8 2 6
16 56 1
4 83 20
50 75 19
1 95 3
88 73 3
9 19 20
17 60 19
17 43 4
81 77 18
83 15 13
25 40 20
85 4 13
53 40 10
92 34 17
73 68 15
84 95 3
97 6 16
21 30 15
44 51 9
18 47 13
70 99 8
42 90 4
19 59 10
93 9 7
41 76 11
95 74 2
99 3 13
52 28 18
7 91 13
31 84 20
47 32 15
87 52 11
73 3 1
56 36 4
67 13 20
42 15 1
18 38 20
25 12 10
17 83 1
46 50 4
65 58 4
49 33 15
39 14 1
1 35 12
83 16 10
40 23 15
58 66 11
55 33 3
85 2 7
50 68 3
31 87 19
58 16 7
31 6 18
96 22 3
20 79 2
66 68 9
27 96 20
85 52 12
47 73 14
16 33 3
50 3 19
14 53 8
22 14 15
4 9 17
92 42 14
45 77 12
8 40 15
38 37 16
49 8 14
11 4 5
21 78 4
39 91 20
87 64 9
100 99 19
21 56 13
77 13 15
79 99 20
63 21 10
78 53 18
93 86 15
85 56 12
77 69 9
28 34 1
30 12 19
86 74 9
1 4 7
95 93 15
9 92 9
15 56 12
63 53 2
68 55 15
92 11 9
69 28 2
29 80 3
96 55 15
51 84 11
36 58 4
55 91 16
3 52 10
23 39 12
97 21 18
83 39 10
46 32 17
